Pre shuffle

|1 2 3 4 5 6 7 8 9 10 |
|11 12 13 14 15 16 17 18 19 20 |
|21 22 23 24 25 26 27 28 29 30 |
|31 32 33 34 35 36 37 38 39 40 |
|41 42 43 44 45 46 47 48 49 50 |
|51 52 53 54 55 56 57 58 59 60 |
|61 62 63 64 65 66 67 68 69 70 |
|71 72 73 74 75 76 77 78 79 80 |
|81 82 83 84 85 86 87 88 89 90 |
|91 92 93 94 95 96 97 98 99 0 |

random moves :  10
Pos shuffle

|1 2 3 4 5 6 7 8 9 10 |
|11 12 13 14 15 16 17 18 19 20 |
|21 22 23 24 25 26 27 28 29 30 |
|31 32 33 34 35 36 37 38 39 40 |
|41 42 43 44 45 46 47 48 49 50 |
|51 52 53 54 55 56 57 58 59 60 |
|61 62 63 64 65 66 67 68 69 70 |
|71 72 73 74 75 76 77 78 79 80 |
|81 82 83 84 85 86 87 88 89 90 |
|91 92 93 0 94 95 96 97 98 99 |

A*
tempo : 9.063005447387695
Ramificação media: 3.0
Nós expandidos:  6
profundidade: 6
IDA*
tempo : 11.052370071411133
Ramificação media: 3.0
Nós expandidos:  6
profundidade: 6
DFS
tempo : 14962.538480758667
Ramificação media: 3.3121299594613296
Nós expandidos:  1190
profundidade: 6
BFS
tempo : 20023.472547531128
Ramificação media: 3.9823797494160456
Nós expandidos:  598
profundidade: 6
